0  0.0836  182.34447860717773
9.493903398513794  0.9646666666666667  2.89891279861331
42.69265151023865  0.9713333333333334  2.3069789074361324
76.51099109649658  0.9806666666666667  1.5495314113795757
113.47648525238037  0.9796666666666667  1.6130283493548632
149.69017362594604  0.9853333333333333  1.2888608928769827
182.53990530967712  0.9853333333333333  1.2852135440334678
217.9484703540802  0.9816666666666667  1.4585786974057555
253.09677863121033  0.9826666666666667  1.317250294610858
286.3738739490509  0.987  1.2647281060926616
323.20256304740906  0.9856666666666667  1.2539555467665195
