0  0.0988  182.35189366340637
13.361345529556274  0.951  3.7756192460656166
26.268786430358887  0.969  2.4257772359997034
38.88142704963684  0.9693333333333334  2.2866532132029533
51.712010622024536  0.976  1.8022439926862717
64.29213547706604  0.9773333333333334  1.803332393988967
77.04457116127014  0.9876666666666667  1.3010891824960709
90.00581955909729  0.9823333333333333  1.4934380315244198
103.11424326896667  0.9776666666666667  1.910822388716042
116.25199055671692  0.9846666666666667  1.367693840060383
129.5702440738678  0.984  1.347528071142733
